82
80
81
83
50
39
54
55
56
48
23
21
17
31
32
89
85
76
77
50
15
36
31
94
50
45
56
36
31
19
26
50
50
50
77
74
75
79
67
63
76
64
62
66
69
73
68
55
53
50
48
49
47
45
78
41
44
46
38
43
36
35
33
31
37
27
22
26
24
21
16
16
15
12
14
10
13
17
5
1
2
11
3
76
75
68
77
74
73
59
53
47
50
51
70
52
64
42
45
30
31
27
21
32
22
16
12
10
63
74
73
66
67
75
55
51
50
39
38
35
34
9
37
24
4
79
82
69
64
81
77
50
52
43
32
35
36
21
17
23
80
74
63
70
62
64
79
81
50
73
39
36
27
16
26
